0.0,2424.3,1760.6,2543.8,2715.3,1988.1,2590.1,2917.8,3027.3,2523.1,2523.1,3812.9,3249.3,1492.5,2440.2,2143.3,2065.3,2546.7,791.0,1080.6,2525.9
2439.4,0.0,2016.7,2286.9,1401.6,4006.7,1276.4,4126.1,5223.9,1113.5,3731.4,4411.0,1935.6,3262.6,3889.4,3596.2,4309.0,2655.6,2958.5,3324.3,3734.2
1801.6,1794.2,0.0,1711.7,2220.7,2849.2,2095.5,4251.2,4197.3,2192.9,3856.5,2926.7,2754.7,3155.0,4014.5,3721.3,3509.7,1357.1,2006.9,2525.0,3859.3
2615.5,2298.9,1827.8,0.0,2869.0,3332.9,2743.8,5065.1,4681.0,2104.3,4670.4,3257.3,3403.0,3968.9,4828.4,4535.2,4149.7,1269.0,2820.8,3338.9,4673.2
2645.8,1416.3,2285.8,2754.5,0.0,4275.8,902.5,4332.5,5493.0,1652.3,3937.8,4680.1,1182.9,3469.0,4095.8,3802.6,4578.1,2924.7,3227.6,3593.4,3940.6
1886.0,3662.6,2618.3,3190.1,4089.1,0.0,3963.9,4586.9,2541.7,4051.5,4192.2,3631.4,4623.1,3145.2,4177.1,3880.2,2664.4,2365.2,1453.3,2363.3,4195.0
2621.2,1391.7,2261.2,2729.9,876.5,4251.2,0.0,4307.9,5468.4,1627.7,3913.2,4655.5,1410.5,3444.4,4071.2,3778.0,4553.5,2900.1,3203.0,3568.8,3916.0
2880.4,4135.8,4459.7,5242.9,4419.5,4699.9,4294.3,0.0,5849.4,4227.3,1215.2,6512.0,4935.0,3492.1,1282.3,2365.2,4915.5,5245.8,3601.7,3930.8,1407.3
3002.1,5019.0,4251.9,4823.7,5445.5,2653.7,5320.3,5779.6,0.0,5310.1,5384.9,5265.0,5979.5,3631.1,4911.1,4614.2,3068.7,3998.8,2598.6,2813.8,5333.2
2510.0,1422.0,2373.7,1889.3,1634.4,4311.4,1509.2,4196.7,5479.0,0.0,3802.0,4408.8,2168.4,3333.2,3960.0,3666.8,4545.1,2420.5,3231.3,3560.4,3804.8
2488.2,3743.6,4067.5,4850.7,4027.3,4307.7,3902.1,1211.2,5457.2,3835.1,0.0,6119.8,4373.6,3099.9,1868.3,2789.2,4523.3,4853.6,3209.5,3538.6,2034.1
3885.8,4379.7,2960.6,3395.4,4806.2,3724.4,4681.0,6258.5,5331.1,4778.4,5863.8,0.0,5340.2,5239.2,6021.8,5728.6,4799.8,2313.7,3715.7,4567.9,5866.6
3154.0,1924.5,2794.0,3262.7,1075.5,4784.0,1410.7,4840.7,6001.2,2160.5,4321.7,5188.3,0.0,3977.2,4604.0,4310.8,5086.3,3432.9,3735.8,4101.6,4448.8
1637.9,3181.3,3182.1,3965.3,3465.0,3357.2,3339.8,3489.6,3611.9,3272.8,3094.9,5219.8,3999.0,0.0,2414.6,2164.7,2803.6,3953.6,2110.1,1751.2,2827.2
2729.2,4093.4,4268.2,5051.4,4377.1,4484.1,4251.9,1279.5,5099.2,4184.9,1865.7,6305.9,4911.1,2661.9,0.0,1195.4,4249.8,5039.7,3196.2,3238.5,859.8
1901.2,3281.0,3441.6,4224.8,3564.7,3657.5,3439.5,2391.6,4271.2,3372.5,2876.8,5479.3,4098.7,1833.9,1218.4,0.0,3423.2,4213.1,2369.6,2410.5,1649.0
2251.3,4268.2,3590.2,4237.6,4694.7,2790.0,4569.5,5028.8,3014.4,4559.3,4634.1,4678.9,5228.7,2638.4,3960.7,3697.5,0.0,3412.7,1998.8,1473.5,4373.3
2586.2,2410.8,1295.1,1180.8,2837.3,2835.2,2712.1,5035.8,4183.3,2629.0,4641.1,2467.2,3371.3,3939.6,4799.1,4505.9,3652.0,0.0,2567.9,3309.6,4643.9
812.0,2805.0,2013.1,2796.3,3231.5,1638.5,3106.3,3589.5,2576.8,3181.7,3194.8,3580.1,3765.5,2031.1,2968.9,2672.0,1881.7,2313.9,0.0,1033.5,3197.6
1149.2,3166.1,2488.1,3271.3,3592.6,2465.5,3467.4,3926.7,2921.8,3457.2,3532.0,4438.3,4126.6,1577.0,2899.3,2636.1,1469.3,3172.1,1050.5,0.0,3311.9
2522.1,3777.5,4101.4,4884.6,4061.2,4341.6,3936.0,1313.3,5365.4,3869.0,1938.7,6153.7,4595.2,2928.1,862.3,1525.6,4485.2,4887.5,3243.4,3500.5,0.0
